Start Month,End Month,19,20,21,22,23
01,01,-0.21301473034354587,-0.1935346213664132,-0.7558664850633041,-0.35132712702018526,0.606613104355403
01,02,0.17553261596300748,-0.23044061270735977,-0.5206218430814094,-0.2833971283551863,0.2904377672263163
01,03,0.0864681509744075,-0.24999058534336666,-0.35765682930836207,-0.42750164722502415,0.11227605239071109
01,04,0.06912986450011911,-0.4038885320443167,-0.440408020430709,-0.2819532128996653,-0.06622060726946412
01,05,0.14200482071433954,-0.37895334576677,-0.39376260498080246,-0.1751463423723904,-0.005022717239977222
01,06,0.111669188701596,-0.35059505193312357,-0.515476156573638,-0.21748535845255995,0.06359724031466363
01,07,0.23249261187414372,-0.28012833541025356,-0.5192329621564911,-0.16194734258759888,0.01506209870834197
01,08,0.3307358440363247,-0.3533130890355053,-0.43005575798096063,-0.18987777108862125,0.07210269583354387
01,09,0.42881668281353713,-0.37783724383998185,-0.42517473711432946,-0.25483410278544827,0.09529135157480068
01,10,0.40783258998074645,-0.35541139978885355,-0.29281508005196544,-0.26697449271849444,0.17583882142787194
01,11,0.4292742107856679,-0.3900543782065433,-0.33323477230589743,-0.2570619321408961,0.08106852247667554
02,02,0.5640799611792062,-0.267346603019903,-0.2853772006895665,-0.21546713053357458,-0.02573757133786771
02,03,0.23620959040279516,-0.27821856868680656,-0.15855200666649852,-0.46558890818372545,-0.1348924728911669
02,04,0.16317806300962545,-0.4740065040913606,-0.33525519845526475,-0.25882857412773586,-0.2904985101436409
02,05,0.23075970867975226,-0.4253080259810154,-0.3032366348385913,-0.13110114614332577,-0.15793167271088265
02,06,0.1766059732122998,-0.3820071384917165,-0.46739809039442853,-0.1907170039047735,-0.04500593127453247
02,07,0.30674383522461507,-0.29456062084829815,-0.47979404230689354,-0.1303840451366574,-0.08352973666218488
02,08,0.4084144974048492,-0.37613858446226833,-0.38351136879809494,-0.1668135771927667,-0.004255933887453504
02,09,0.5090456103056025,-0.4008750711142225,-0.38383826849306546,-0.24277247463547086,0.03137613357903665
02,10,0.47681562495483615,-0.3733977081430645,-0.24136492413401348,-0.25760197771070575,0.12797501162041847
02,11,0.4935031058666845,-0.4097063554974576,-0.29097160055326504,-0.24763541274670162,0.028514064929361715
03,03,-0.091660779917801,-0.28909053472711377,-0.03172680185418558,-0.715710687442639,-0.24404737342031102
03,04,-0.037272886637742295,-0.5773364526268405,-0.36019419839232086,-0.280509296820266,-0.4228789804662735
03,05,0.11965295698348816,-0.4779618342594265,-0.30918977965735783,-0.10297915037291906,-0.20199637260662362
03,06,0.07973747656984007,-0.41067227109829924,-0.5129033128460111,-0.18452947182927454,-0.049823021432967324
03,07,0.25527661048986194,-0.3000034246745926,-0.518677410848344,-0.11336742734305524,-0.09508817014994866
03,08,0.38247025266222806,-0.3942705815773738,-0.39986706445859443,-0.15870465257726957,-0.0006756605941134685
03,09,0.501183562805107,-0.41995056600132147,-0.397904136270048,-0.24667323866381977,0.03953523533219054
03,10,0.46590758285796074,-0.3866540959198482,-0.23586338971352108,-0.2628688336657393,0.14718908488839233
03,11,0.4856612335077417,-0.4255241053759598,-0.2915932013730224,-0.2512096657056631,0.03454202454590218
04,04,0.017115006445629605,-0.8655823692010053,-0.6886615888559009,0.15469209268643686,-0.6017105885501497
04,05,0.2253098259497026,-0.5723974840686565,-0.4479212659644261,0.2033866162592834,-0.1809708730057474
04,06,0.13687022884860878,-0.451199517016066,-0.6732954809563556,-0.0074690660889650375,0.014918430434592138
04,07,0.3420109574841735,-0.3027316468620758,-0.6404150616401871,0.037218386911708985,-0.05784836963081113
04,08,0.47729645954824895,-0.41530659089601185,-0.47349511516873355,-0.04730344503619786,0.047998682205807275
04,09,0.5999909533869131,-0.4417605719198909,-0.45893368998395945,-0.16850033126087158,0.08679900159635909
04,10,0.5455602078666731,-0.40059174668951264,-0.26502575853954463,-0.19817713985020652,0.203080007251634
04,11,0.55782648428403,-0.4425783017727603,-0.3240764999697452,-0.1931470383655102,0.06936569922109113
05,05,0.4335046497975278,-0.27921259869719756,-0.20718094411522062,0.2520811397171796,0.23976884381800334
05,06,0.19674784044702454,-0.24400809043184155,-0.6656124261799963,-0.08854964716972173,0.32323293566254413
05,07,0.45030961177512946,-0.11511473868199537,-0.6243328856141682,-0.0019395152666545365,0.12343903690366906
05,08,0.592341822650654,-0.3027376461026247,-0.4197034965580371,-0.09780232909174306,0.21042599965823455
05,09,0.716566138183645,-0.35699621148754207,-0.4129881105530582,-0.2331388150560972,0.22450092026229004
05,10,0.6336344075241336,-0.3230933105375278,-0.19441978579925787,-0.256988679560225,0.33721177435932564
05,11,0.6350709867643483,-0.38214914899493607,-0.27199291507482887,-0.24283834286486364,0.16523373972305194
06,06,-0.04000896650164606,-0.2088035825282774,-1.1240439097096062,-0.4291804320359322,0.40669703615660713
06,07,0.45871208935178814,-0.03306580968972422,-0.8329088578366766,-0.12894984272408636,0.06527413472759673
06,08,0.6452875550018312,-0.31057932662589494,-0.49054434633323096,-0.2144301528353019,0.20064505136435343
06,09,0.7873315111480805,-0.37644211252494775,-0.46443990249171446,-0.3544438043720946,0.22068393948509132
06,10,0.6736603591310967,-0.33186945261628087,-0.19186755543252268,-0.35880264313059573,0.3567003597187094
06,11,0.6686653698358236,-0.39930524111259535,-0.28279491013731844,-0.3253249227781887,0.15281122346759385
07,07,0.9574331397416522,0.14267196568345247,-0.5417738078168519,0.17128074959877368,-0.27614876591442006
07,08,0.9879358090903972,-0.36146719901138885,-0.17379456552457945,-0.10705501080426313,0.09761906042923528
07,09,1.06311167490483,-0.43232162694661924,-0.24457189925625927,-0.3295315942434819,0.1586795742995257
07,10,0.8520776902482184,-0.3626359201333988,0.04117653345948637,-0.34120819527034546,0.3442011905729355
07,11,0.8104002378909256,-0.43740557280788656,-0.114545111486094,-0.30455382150788957,0.10203406187007132
