Start Month,End Month,19,20,21,22,23
01,01,0.1333922934762414,-0.19188453674097614,-0.9214304785454777,0.06642330695554816,1.103036050783045
01,02,0.16872551127374516,-0.2517843082430245,-0.7863444806866001,-0.18238448355647335,0.7094124781760802
01,03,0.27410836065754035,-0.29652351835155716,-0.5907069797222785,-0.3884393395979503,0.38904111419351617
01,04,0.20675595955907583,-0.45565124252724293,-0.5803288591122351,-0.33690572273050745,0.11349655140975455
01,05,0.24566692958307484,-0.5208070433919202,-0.5838725571748256,-0.22263954764611202,0.07433682057562054
01,06,0.271162305716551,-0.4939130850325763,-0.64012389297306,-0.19450371618786416,0.12062600942958791
01,07,0.3140946949134327,-0.4366656858371182,-0.713674512421836,-0.20126444413734607,0.1172593637356728
01,08,0.44610085378009223,-0.4372594864604625,-0.6492384034473289,-0.19730822088100003,0.1085297999178786
01,09,0.5632633814445359,-0.504059717606475,-0.5787704641615089,-0.2726049511607884,0.1444259082208157
01,10,0.6093540893496048,-0.5137483275990627,-0.48964693660881636,-0.33391407284376845,0.19750744767623407
01,11,0.5930525129379829,-0.5043982334746763,-0.3927742225646734,-0.3465619062270687,0.22667913483817503
02,02,0.2040587275158949,-0.3116840803693807,-0.6512584828225518,-0.4311922754863113,0.31578890517287256
02,03,0.3444663935645207,-0.34884301223377673,-0.4253452263248487,-0.6158706634691397,0.03204365140498533
02,04,0.23121051506199106,-0.5435734779926942,-0.46662831896046186,-0.4713487341736967,-0.21634994874865027
02,05,0.2737355885721996,-0.6030376697631739,-0.499483077328285,-0.29490526131583034,-0.1828379872154845
02,06,0.2987163127307568,-0.5543187935739589,-0.5838625757616516,-0.2466891208650702,-0.07585599843314547
02,07,0.3442117550164975,-0.47746254454918075,-0.6790485211545864,-0.24587906991185934,-0.04703675206047738
02,08,0.4907735094424024,-0.47231305111648914,-0.610353821639518,-0.23498415465797146,-0.033542520710294954
02,09,0.6169972611998108,-0.5430816157901954,-0.535937962350072,-0.31498348340656235,0.024599638160875986
02,10,0.662238732424231,-0.5495109714179383,-0.4416709871570113,-0.3783960047306428,0.09689315825573251
02,11,0.6390185326476049,-0.535649603619704,-0.3399085960477802,-0.3878604261957042,0.13904344375221586
03,03,0.48487405761611674,-0.3860019443537238,-0.19943196838595742,-0.8005490485595744,-0.2517016020198218
03,04,0.24478640919075173,-0.6595181765301625,-0.37431323975669684,-0.49142696289551213,-0.4824193775720462
03,05,0.2969612057059656,-0.7001555320888199,-0.44889127433162307,-0.24947625644655097,-0.3490469519631153
03,06,0.32238071271474084,-0.6149774721420573,-0.5670135988929411,-0.20056333215544603,-0.17376722414973533
03,07,0.372242363527114,-0.5106182361135685,-0.6846065274058768,-0.20881642877749643,-0.1196018830530958
03,08,0.5385593019943423,-0.4990845445724967,-0.6035363760584506,-0.20228280083653907,-0.09176442647982383
03,09,0.6759884724586146,-0.5761384056016801,-0.5194636034982226,-0.29838222894502203,-0.01699882713962829
03,10,0.7195112307792273,-0.5792393326587983,-0.41547255113966625,-0.371796471003906,0.06953118939681494
03,11,0.687347395268528,-0.5605346612656184,-0.3053141631839234,-0.383045776760308,0.11940506046383192
04,04,0.004698760584944617,-0.9330344058492133,-0.549194504866805,-0.1823048738458075,-0.7131371552511389
04,05,0.20300478063582755,-0.8572323247323259,-0.5736209285997789,0.026060140611419227,-0.3977196275433843
04,06,0.26821625508875796,-0.6913026447198795,-0.6895408113613162,-0.0005680914233966466,-0.14778909944946966
04,07,0.3440844430166721,-0.5417723082717613,-0.8059001657993595,-0.06088327287327432,-0.0865769535403714
04,08,0.5492963510159637,-0.5217010688695222,-0.6843572582351686,-0.0826295495593087,-0.05977699105514847
04,09,0.7078408813611919,-0.6078278205314026,-0.5728022067226664,-0.2146877573380152,0.022118300095135164
04,10,0.7530308210848984,-0.6068446737154473,-0.44633549029718733,-0.3105461028496217,0.11542158777585092
04,11,0.7126565674021295,-0.5823512522674655,-0.3185494379174843,-0.33085786733134975,0.16579339202153454
05,05,0.4013108074549498,-0.7814302435595935,-0.5980473527485279,0.234425151840199,-0.08230210088444713
05,06,0.3999750097349513,-0.5704367671950594,-0.7597139601544275,0.0903002976677337,0.13488493090675263
05,07,0.45721300880036325,-0.4113516057992019,-0.8914687228938438,-0.02040940682009127,0.1222764467736917
05,08,0.6854457493558754,-0.4188677304905028,-0.7181479470807047,-0.0577107195772765,0.10356305101770248
05,09,0.8484693065087627,-0.5427864952925052,-0.577523748614096,-0.2211643344450382,0.16916939363280406
05,10,0.8777528461619107,-0.5524797166593323,-0.4291923204450077,-0.33191964099305055,0.25351471758527866
05,11,0.8137933921278302,-0.5322536544774954,-0.28560014246759624,-0.3520797246608086,0.29135489918459856
06,06,0.3986392132414676,-0.35944329109686285,-0.9213805686210942,-0.0538245573234531,0.35207195684034165
06,07,0.48516410204275534,-0.22631229148336565,-1.0381794041662522,-0.14782668651287442,0.22456571766661435
06,08,0.78015739587454,-0.2980135567845617,-0.7581814744630488,-0.1550893424345793,0.16551809486031285
06,09,0.9602589320739706,-0.4831255628262983,-0.5723928479375073,-0.3350617058323669,0.23203726761719443
06,10,0.9730412511614146,-0.506689613652261,-0.39542131561697474,-0.4451885991535844,0.320678072551519
06,11,0.8825404988329639,-0.49072422852097386,-0.23352560775362916,-0.4498305360573222,0.3536310599888533
07,07,0.5716889905548451,-0.09318129265783248,-1.1549782400046875,-0.24182881733906925,0.09705948023428787
07,08,0.9709164876055737,-0.26729869705797116,-0.6765819374637878,-0.20572173546986625,0.07224116963625642
07,09,1.147465494924558,-0.524352982542332,-0.4560636072056945,-0.4288074233313875,0.19202569948589782
07,10,1.116641756705849,-0.5435011919685476,-0.2639315021234179,-0.5430296087552763,0.31282960443065494
07,11,0.9793207490052773,-0.5169804158405729,-0.09595461562741887,-0.5290317326248478,0.35394288493429193
