Start Month,End Month,19,20,21,22,23
01,01,-0.008501249284888088,0.6091925910572434,0.5752244491850234,-0.48260545709527414,1.370709914405226
01,02,0.0958651007892481,0.17975774675983655,0.15925653203805837,-0.6615060023088416,0.8581112203479367
01,03,0.3349467357150616,0.3956682860015341,0.5109876508182757,-0.47843677717858846,0.38846207786368847
01,04,0.22950449835323153,0.04646577351014847,0.23148603487684088,-0.5390572431130106,-0.010061149274471933
01,05,0.5034280397227332,0.054275400067800454,0.256104503566924,-0.44205642213404595,0.05504161486732905
01,06,0.45496030093667933,-0.05910571307727738,0.1605708997723451,-0.4946955381411288,0.032899943055782706
01,07,0.4073716485753207,0.01613125538036329,0.13776508465330484,-0.4446700849080044,0.07835699814919292
01,08,0.49589214492062794,-0.15552340925501493,0.10509371514550729,-0.4849766449224231,0.05751691513607435
01,09,0.46243258599252984,-0.17159847308574402,0.06440030891398794,-0.5086071438856069,0.03873141014928752
01,10,0.4344247218988566,-0.21329960525902725,0.10704205226532611,-0.5205878657436862,0.08747579818800713
01,11,0.41207231448486065,-0.20707967117624632,0.025100143026958056,-0.4842157487202011,0.037765783147605564
02,02,0.2002314505939354,-0.24967709683497236,-0.2567113854922537,-0.8404065487548157,0.3455125248676034
02,03,0.506670727731551,0.2889061333108237,0.4788692553660406,-0.4763524390204471,-0.10266184024087799
02,04,0.3088397478137302,-0.14110983255299928,0.11690656162183244,-0.5578745046637184,-0.470318169167519
02,05,0.6314103620951499,-0.0844538979777669,0.17632451682338435,-0.4319191637298257,-0.27387546011755337
02,06,0.5476526113005741,-0.19276537396697413,0.0776401892607899,-0.4971135525840359,-0.23466205050016414
02,07,0.4766837987452922,-0.08271230038155176,0.06485519104800397,-0.4383475232306386,-0.13703515444281228
02,08,0.567948343900795,-0.2647685524909775,0.03793218195500392,-0.4853153856971181,-0.13008208470259797
02,09,0.5212993149322314,-0.26919735573622305,0.0005472916237051548,-0.5118573550332726,-0.12776590284290665
02,10,0.48363871836610167,-0.3046876275446865,0.055021785416703446,-0.524808133795803,-0.05510577015219629
02,11,0.4541296717206959,-0.2887068971884299,-0.02991228817180719,-0.4843767775165039,-0.0955286307671554
03,03,0.8131100067017736,0.8274893641762494,1.2144498938690058,-0.11229833002571438,-0.5508362048353459
03,04,0.36314389604278374,-0.08682620030024074,0.3037155375217612,-0.41660848393067973,-0.8782335165471811
03,05,0.7751366593242205,-0.029379497990004454,0.32066981783428083,-0.2957567020157933,-0.48033811969271906
03,06,0.6345079016565393,-0.17853744295504312,0.16122808291531032,-0.41129030368402264,-0.37970569434204743
03,07,0.5319742682265287,-0.04931934079571149,0.12916850664037713,-0.3579357175906482,-0.2335446900564849
03,08,0.629234494298641,-0.267283794759112,0.08703944301191353,-0.42613352546547756,-0.2093478529694916
03,09,0.5671661559404053,-0.27198596391039637,0.03729853075969367,-0.4649217561328132,-0.19537710645008924
03,10,0.5190646268974263,-0.3115639432011966,0.09398843234804774,-0.48535833170257336,-0.10518305718339749
03,11,0.48234058490479986,-0.29304354202151295,-0.0047123884795862315,-0.44481791362903567,-0.14453320285872054
04,04,-0.086822213384906,-1.001141764352281,-0.6070188178622463,-0.7209186382386785,-1.2056308315206967
04,05,0.7561499962411515,-0.4578139287930083,-0.12622022018971465,-0.38748588823944746,-0.4450890809264706
04,06,0.5749738671690569,-0.5138797138007396,-0.18984585294456127,-0.5109542958448023,-0.32266219122255096
04,07,0.4616903342386818,-0.2685215170841747,-0.14215184015817514,-0.4193450643223018,-0.15422181165089136
04,08,0.5924593901716251,-0.4862384264846388,-0.138442647382867,-0.4889005650698895,-0.14105018247109027
04,09,0.5261755075899286,-0.45523185207172495,-0.15889336335441404,-0.5236923272374571,-0.13613392487697581
04,10,0.47705814503397465,-0.47428584349529546,-0.06607749118562758,-0.5386526179583134,-0.04151832151425122
04,11,0.44099440786673255,-0.43311015503459094,-0.157107673668182,-0.48638286175608436,-0.09374532825675472
05,05,1.5991222050470937,0.08551390647521474,0.35457837846509305,-0.05405313872655207,0.3154526697822801
05,06,0.9058719068904458,-0.2702486857369488,0.01874062756098564,-0.40597212350387973,0.11882212975196337
05,07,0.6445278461890072,-0.024314767967227466,0.012803819617227648,-0.3188205397360198,0.19624786188002966
05,08,0.7622797902718488,-0.3575125920198289,-0.02129860445921648,-0.43089604652536506,0.12509498008663408
05,09,0.6487750571188554,-0.3460498697562135,-0.06926827149671286,-0.48424706492859265,0.07776545767085703
05,10,0.5710382006777982,-0.38647652454568543,0.024079397446991113,-0.5082749465876424,0.15250042967925065
05,11,0.5163967839642647,-0.35196278154172156,-0.09283465324564041,-0.452877751168144,0.06509545774986933
06,06,0.21262160982098013,-0.6260112770723859,-0.31709712109381377,-0.7578911095674896,-0.0778084130698962
06,07,0.1672306726715406,-0.07922910479486299,-0.15808345920429154,-0.4512042402638449,0.13664545728928118
06,08,0.4833323229570252,-0.5051880910322857,-0.1465909327394543,-0.5565103495958864,0.061642415895275034
06,09,0.41118826868475933,-0.4539408136801591,-0.17522993378844842,-0.5917955464023805,0.01834365418062495
06,10,0.36542140436155157,-0.48087461027385714,-0.04202039918159854,-0.5991193093529142,0.1199099815090447
06,11,0.3359425443214815,-0.4248755643817522,-0.16740349190320578,-0.5193485193581525,0.023369254619805532
07,07,0.12183973453405672,0.46755306840905825,0.0009302015388443193,-0.1445173725945284,0.3510993264459924
07,08,0.6186876740006331,-0.44477649866887,-0.06133783720857178,-0.45581996940008573,0.13136783005892333
07,09,0.47737716186146734,-0.39658399249711423,-0.12794087126186202,-0.5364303584964856,0.05039434486822645
07,10,0.4036213527135323,-0.4445904435764152,0.02674878159722898,-0.5594263595223093,0.16933957934897959
07,11,0.36060673260592435,-0.384648420906047,-0.1374647655892474,-0.47164000192759226,0.0436047894139353
