Start Month,End Month,19,20,21,22,23
01,01,0.6909351319710189,0.5160194020422945,-0.8268149199883957,-1.0889880717034266,0.6881486018855597
01,02,0.5758007722002702,0.42809796683674456,-0.49510041218885925,-0.9300093797141157,0.8425564045279917
01,03,0.5794661860177845,0.4141728094752017,-0.05954746790758688,-0.9240984040933713,0.6775580421378546
01,04,0.5499026936772985,0.2190229487789049,0.022164868724678186,-0.9417234018451337,0.30751313825773846
01,05,0.7144853942360831,0.047778055494324484,0.06919057168077765,-0.8900185260482794,0.27154369087764046
01,06,0.747312332222907,-0.14140969197202394,-0.004306829199140154,-0.8599126674159165,0.3215177008486869
01,07,0.7888807236502124,-0.2095793909507832,-0.014629651453762233,-0.8055250738602456,0.4050382121212325
01,08,0.7863639681092985,-0.3071103865758623,-0.06394114633676866,-0.7776420843345886,0.43497031741245196
01,09,0.8037397169674462,-0.35060854332178804,-0.0804964319292489,-0.7594042489536277,0.43172144037024585
01,10,0.7835714144495173,-0.42423616279990767,-0.06545541674997442,-0.7666109590600518,0.45490278296950865
01,11,0.7248104981600523,-0.4585894426871682,-0.06233828476140536,-0.7877094895856778,0.45193138192815846
02,02,0.46066641174094974,0.3401765319504192,-0.16338590854129917,-0.7710306872349936,0.9969642094558482
02,03,0.5237317144423144,0.36324951239867137,0.3240862604872873,-0.8416535711904707,0.6722627647809595
02,04,0.5028918806613178,0.12002413042809168,0.3051581338101277,-0.8926351794598417,0.1806346488177311
02,05,0.7203729593150289,-0.06928228129292646,0.29319194526379205,-0.840276139555047,0.1673924631567975
02,06,0.7585877786818823,-0.27289550998761425,0.16019478780566365,-0.8140975879940001,0.24819151926457925
02,07,0.8052049751683442,-0.3305125224379731,0.12073456208927873,-0.7582812343120817,0.35785314465968376
02,08,0.7999966581425483,-0.4247003560916089,0.04504082269290167,-0.7331640875483769,0.39880199195318883
02,09,0.8178402909488701,-0.45893703729257884,0.012793379684000713,-0.7182062725914593,0.39966804558114727
02,10,0.7938643400724541,-0.5287090019693396,0.01914008431235481,-0.7307912804581279,0.4289865794925248
02,11,0.728198033394537,-0.5560503263832058,0.014109377957837434,-0.7575816310110742,0.4283096606060936
03,03,0.5867970168225902,0.3863224916953216,0.8115584270856033,-0.9122764532094635,0.3475613224096969
03,04,0.5240046189654697,0.00994793068411849,0.539430154611555,-0.9534374276529839,-0.227530129738697
03,05,0.806941808293324,-0.20576855324922128,0.4453845624863792,-0.8633579555467334,-0.10913145348320617
03,06,0.8330681217123976,-0.426163521144657,0.24108996171838568,-0.8248643129236989,0.060998346984822746
03,07,0.8741126997128462,-0.4646503340932257,0.1775586544996909,-0.7557313481457512,0.23003093288145696
03,08,0.8565517063945803,-0.5521798413534915,0.07977861136399254,-0.7268529859563307,0.29910828837829767
03,09,0.8688651381657682,-0.5730961254328194,0.03796184823525325,-0.7106599243579101,0.31434002058147686
03,10,0.8355140753071029,-0.6373196941603566,0.04195583228088253,-0.7257613540627347,0.3579893770436861
03,11,0.7579237730107221,-0.6556310934037443,0.033831075777775915,-0.7560872907583506,0.3651258205645461
04,04,0.4612122134709341,-0.3664266277698258,0.26730187810505895,-0.9945983994989428,-0.802621581309065
04,05,0.9170142084379777,-0.501814076188707,0.26229763068823647,-0.8388987073097349,-0.3374778389719278
04,06,0.9151584946891554,-0.6969921857342454,0.05093380564914774,-0.7957269349986646,-0.03452264456194811
04,07,0.9459416188402465,-0.6773935407131215,0.019058711301541263,-0.7165950713258956,0.20064833604752957
04,08,0.9105026324597632,-0.7398803054114027,-0.06657735311272212,-0.6897682930739765,0.2894176815973838
04,09,0.9158764826253523,-0.732999224859488,-0.09097091392526231,-0.6770571721837957,0.3088031375441386
04,10,0.871045085479298,-0.7835542991273335,-0.06798739504388489,-0.699116335293651,0.3594790973753832
04,11,0.7793146100905042,-0.7858752896130513,-0.06338484275521024,-0.7365636483965191,0.36732138395388764
05,05,1.3728161954941474,-0.6372015156851037,0.25729338268716234,-0.6831990182643195,0.12766590171570727
05,06,1.1421316241439545,-0.8622749752577377,-0.05725023018168994,-0.6962912002810576,0.3495268246926201
05,07,1.107518074647712,-0.7810491751289276,-0.063689009247728,-0.6239272949105538,0.5350716483640648
05,08,1.0228252392613597,-0.8332437228787473,-0.15004716087840936,-0.6135607668210759,0.5624274942326086
05,09,1.0068093298915601,-0.8063137409862173,-0.16262547194052654,-0.6135489279975501,0.5310880847482885
05,10,0.9393505663300039,-0.8530755731663747,-0.12386894190503128,-0.6498693306463532,0.5531625493135256
05,11,0.8247578128001997,-0.8457965345424926,-0.11062580373238531,-0.6997015400254744,0.5344560995360806
06,06,0.9114470549288402,-1.0873484284683212,-0.3717938397135275,-0.7093833789368031,0.5713877442815483
06,07,0.9748690264820007,-0.8529730029215363,-0.22418020898299573,-0.5942914359211001,0.7387745112769772
06,08,0.9061615818180361,-0.8985911318274084,-0.2858273441229317,-0.5903480191841494,0.7073480262928022
06,09,0.9153076127829789,-0.848591789045793,-0.2676051884184343,-0.5961364045737687,0.6319436256131933
06,10,0.8526574318452408,-0.8962503773583324,-0.2001014061283972,-0.6432033956170466,0.6382618759684976
06,11,0.7334147479821961,-0.8805623612972702,-0.17194566736003689,-0.7024519621011628,0.6022544565167857
07,07,1.0382909943446483,-0.6185975856514969,-0.0765665685232807,-0.4791994889665915,0.9061612783183345
07,08,0.903518849959861,-0.804212477154843,-0.24284408948962818,-0.5308303316264237,0.775328172183238
07,09,0.916594475016267,-0.7690062569221675,-0.2328756353201646,-0.5583874136596555,0.6521289073519381
07,10,0.8379600266239442,-0.8484758698619976,-0.15717829548919526,-0.6266583958638197,0.6549804136980182
07,11,0.697808284731029,-0.8392051458123905,-0.13197603091626087,-0.7010656738641732,0.608427796063886
