Start Month,End Month,19,20,21,22,23
01,01,0.5821704209330905,0.28155994566765297,-0.014783453364177043,-0.16145331671435853,0.6026503947486345
01,02,0.7237048623665756,0.0556623908133735,-0.17285922176700047,-0.328550538296707,0.574831095234518
01,03,0.6587961741934585,-0.03129203156800155,-0.18460653003999647,-0.26563756948995904,0.33538782388691546
01,04,0.43430366611187043,-0.11509271270408299,-0.21730939858826603,-0.11364008476335799,0.0466101776186245
01,05,0.48549832557453004,-0.17201401799103652,-0.2685474425623025,0.022252866852004,-0.15633624918526148
01,06,0.529561420671296,-0.15982071440254253,-0.2979073959502275,0.04562989444011848,-0.29996941858598997
01,07,0.477329085035671,-0.10028899532847552,-0.338185555207195,-0.004304803043745994,-0.36393736126530846
01,08,0.48052388906348703,-0.10866479366187752,-0.3064815069843655,-0.0618355320435715,-0.37056620111733446
01,09,0.5600226775536585,-0.18425543274308598,-0.3019211388486645,-0.173323372630313,-0.372531435227914
01,10,0.6334467639866875,-0.23808456686611998,-0.2500201556125525,-0.27451836389020196,-0.352049579212432
01,11,0.6169878909052875,-0.25646339026155146,-0.16291314435435647,-0.28412322053139055,-0.34231326655320304
01,12,0.556895190535816,-0.245134667327201,-0.179002660997063,-0.2141785756357385,-0.337836413692016
02,02,0.8652393070255769,-0.17023516530884197,-0.33093499126024545,-0.49564776005479705,0.547011795284304
02,03,0.6971090499069514,-0.18771802473287,-0.26951806512682147,-0.3177296952867475,0.2017565364373935
02,04,0.38501474835944904,-0.24731026509807255,-0.28481804608287803,-0.0977023427180635,-0.13873656187162797
02,05,0.461330302306694,-0.285407509328916,-0.331988440379379,0.068179411791515,-0.34608290959995497
02,06,0.519039623638912,-0.2480968449366265,-0.35453218392068947,0.0870465384944595,-0.480493381466531
02,07,0.45985552863479046,-0.16393048589316947,-0.3920859065021255,0.021886617513714516,-0.5250353190312685
02,08,0.46600295614047255,-0.16441118504637248,-0.34815265667721607,-0.04760442109669851,-0.509597142509199
02,09,0.5572542091222981,-0.24248235479644853,-0.33781334873962504,-0.174807129555229,-0.494429164645112
02,10,0.6391441349238005,-0.2958228468065725,-0.2761575685331594,-0.287081146242577,-0.4581273532643215
02,11,0.6204696360719215,-0.3102657232708485,-0.17772611369420951,-0.296390211169323,-0.4368096322921225
02,12,0.554597438693306,-0.293015994474013,-0.1939316797290835,-0.21897177993577702,-0.4233352148189055
03,03,0.5289787929602645,-0.20520088336027703,-0.20810113865696,-0.139811630438221,-0.14349872312902245
03,04,0.14490246946615,-0.28584781582369445,-0.261759574523451,0.10127036748315152,-0.4816107408572035
03,05,0.326693963479129,-0.323798292840467,-0.3323395884230415,0.2561218028636005,-0.6437811457145565
03,06,0.432489701852573,-0.26756226473983047,-0.3604314809824681,0.2327201136094185,-0.7373696757313075
03,07,0.3787787784685795,-0.162669549334851,-0.40431608779198447,0.12539349197745853,-0.739444743070507
03,08,0.399463566274332,-0.16344052106102,-0.351022267963418,0.027069469478028504,-0.6856986328831205
03,09,0.5132563358500225,-0.2528033818625,-0.338795970990361,-0.1289727533579995,-0.6432064433268595
03,10,0.6108822384994305,-0.31152130599704,-0.2693103893618925,-0.261010320414845,-0.5837697477885926
03,11,0.5932730049594185,-0.3258246745300245,-0.16070290496801,-0.2742504838165835,-0.5461231235161655
03,12,0.523533254297283,-0.3052940776353975,-0.18023134817820302,-0.19130418166932248,-0.5203699162264726
04,04,-0.2391738556585105,-0.36649474738312154,-0.315418009803354,0.3423523652283695,-0.819722758747192
04,05,0.225551552355434,-0.3830969932524285,-0.39445881513509945,0.454088520153947,-0.8939223567949691
04,06,0.4003266712586136,-0.288349392370147,-0.41120826483022155,0.35689736168436903,-0.9353266531553586
04,07,0.341228774797814,-0.1520367157267005,-0.4533698247171375,0.19169477284077147,-0.8884312477247274
04,08,0.3735605171348665,-0.1550884496843125,-0.379606494240714,0.060445690389420006,-0.7941386154543105
04,09,0.5106359270947786,-0.260737132820674,-0.360578444148376,-0.1271662727827945,-0.7264910653394885
04,10,0.6225827368438746,-0.3267099371620465,-0.27805456759360947,-0.2783244207986415,-0.646665608347283
04,11,0.6013097826728065,-0.34090264813624,-0.1547781254902095,-0.291055339961498,-0.5964511744756376
04,12,0.522928195911885,-0.316415543911332,-0.177134704645568,-0.19702557597599402,-0.562244492158773
05,05,0.6902769602403614,-0.399699239686171,-0.47349962050311145,0.5658246739521865,-0.9681219548962721
05,06,0.7200769348394731,-0.249276714454539,-0.4591033892559955,0.364169859261316,-0.9931286105630914
05,07,0.5346963198528385,-0.0805507041646705,-0.49935376524864195,0.14147557560268703,-0.9113340723492719
05,08,0.526744110627178,-0.10223687478060199,-0.39565361500121404,-0.010030978784608022,-0.7877425787144046
05,09,0.6605978856749549,-0.2395856085464405,-0.369610529910861,-0.22107000152424203,-0.7078447265856715
05,10,0.7662088289486191,-0.3200791362786125,-0.2718273274960155,-0.38177054897639656,-0.6178227490792125
05,11,0.721378873321881,-0.3372466338338945,-0.1318295698131145,-0.38154215498955696,-0.5645552322901485
05,12,0.6181909510590236,-0.3101556432765915,-0.15984929179420898,-0.26444781889574204,-0.5300597098951431
06,06,0.7498769108138734,-0.09885418910068451,-0.4447071577908165,0.16251504484562845,-1.01813526758394
06,07,0.4569059965543275,0.079023562066568,-0.5122808344631911,-0.070698974854728,-0.882940140001624
06,08,0.47223316088110606,-0.0030827531440570165,-0.3697049474094565,-0.20198286106846552,-0.727616121543413
06,09,0.653178117895388,-0.19955720116363052,-0.34363825761975103,-0.41779367049886146,-0.6427754184651325
06,10,0.7813952017568305,-0.3041551158259635,-0.2314928689343805,-0.5712895948536736,-0.547762909088495
06,11,0.726562523985124,-0.3268378656030815,-0.074884561378317,-0.5394366269921825,-0.4972941135831205
06,12,0.60789294982245,-0.297363700860648,-0.11504210158500348,-0.3830581750242185,-0.467479388775425
07,07,0.163935082542046,0.2569013131722075,-0.5798545116291955,-0.3039129937228285,-0.7477450100320275
07,08,0.3334112865317245,0.044802964302831004,-0.3322038415173955,-0.3842318171428355,-0.582356547156443
07,09,0.620945187520963,-0.23312487021981348,-0.3099486236822465,-0.611229911350273,-0.517655470816361
07,10,0.7892747750603375,-0.3554803473383579,-0.1781892967157705,-0.7547407544357165,-0.4301698199061175
07,11,0.721899649409229,-0.372434602038874,-0.0009200430301455045,-0.6798269611471615,-0.393125882917881
07,12,0.584228957569285,-0.330448619759183,-0.060097925814147,-0.47398704540618,-0.3757034097825595
