Start Month,End Month,19,20,21,22,23
01,01,0.66937270996524,0.37714873067943777,-0.5824668656424531,-0.8102188933391468,1.0830556701507739
01,02,0.652128097670041,0.11645305541931748,-0.5709678475551616,-0.8116931975952283,1.1623295523739505
01,03,0.6319159447488923,0.036271760032064504,-0.27641646113544305,-0.9761684179495799,0.8241350992176782
01,04,0.5812874758559912,-0.1914967530806907,-0.25287253904415535,-0.8855648235418169,0.29899473900072937
01,05,0.6059797145814051,-0.2481550557720303,-0.21070847886679928,-0.7887326215964746,0.2021906752027685
01,06,0.5976634883670923,-0.3106716042303473,-0.36228052938224276,-0.7502883160304601,0.18166550415054564
01,07,0.6432275789922584,-0.26059721095882254,-0.45237735834386794,-0.6939335221836869,0.22814715458147605
01,08,0.6986749176620661,-0.2895771768181921,-0.5202911450750874,-0.714152232428618,0.24230129085117186
01,09,0.8255091613142067,-0.34044307590227435,-0.502770570340116,-0.7142822093753682,0.2594209671335029
01,10,0.879458972760281,-0.43282920300461003,-0.43359013345693065,-0.761035946279749,0.3057723734478304
01,11,0.8699074413347153,-0.46559338828753283,-0.40717169610342885,-0.765029010317684,0.3333148023534157
02,02,0.6348834875563648,-0.14424262019739068,-0.5594688286241897,-0.8131675054422884,1.2416034360724038
02,03,0.613187558605629,-0.13416672365214086,-0.12339126091272039,-1.059143200359525,0.6946748197926281
02,04,0.5519257325004673,-0.38104524751761554,-0.14300776314179187,-0.9106801386691472,0.0376410943303087
02,05,0.5901314684754809,-0.4044810024373351,-0.11776888157002526,-0.7833610505578597,-0.01802557313550013
02,06,0.5833216473640898,-0.4482356707595092,-0.31824326325025853,-0.7383022020208028,0.001387470005334691
02,07,0.6388700678947055,-0.36688820198380806,-0.4306957733868441,-0.6745526285983506,0.08566240254961287
02,08,0.7028609431195689,-0.38482373622852417,-0.5114088997173817,-0.7004284155797927,0.12219352128308444
02,09,0.8450262174469684,-0.4301420523648281,-0.49280853589910434,-0.702290119844783,0.1564666289905092
02,10,0.9028019034012896,-0.5228267454248328,-0.4170482748638101,-0.7555711823913844,0.2194075624083122
02,11,0.8899609234871085,-0.5498676008994398,-0.38964217816077384,-0.7605100258873072,0.2583407164485578
03,03,0.5914916321098156,-0.1240908270309977,0.31268630703306505,-1.3051188932025948,0.14774620154096282
03,04,0.5104468539620775,-0.49944656125943104,0.06522276566064389,-0.9594364493522508,-0.5643400759226281
03,05,0.5752141272040809,-0.4912271304742381,0.02946443357071255,-0.7734255650610126,-0.4379019107517663
03,06,0.5704311894345614,-0.5242339331647019,-0.2579368712618679,-0.7195858740928658,-0.3086665211554829
03,07,0.6396673825840162,-0.4114173164301427,-0.40494116269977004,-0.6468296510562987,-0.14552580337633017
03,08,0.7141905384899474,-0.424920587712204,-0.5033989113251269,-0.6816385783768282,-0.06437479655282573
03,09,0.8750466080177111,-0.470984829577415,-0.48328563866848956,-0.6864504909822627,0.001447084346211501
03,10,0.9362916905081425,-0.5701497680167907,-0.39924570469351095,-0.7483716358301138,0.09163307912472439
03,11,0.9183028495141456,-0.59493704266183,-0.37077255112037444,-0.7546591940347752,0.14908930199785567
04,04,0.42940207608795605,-0.8748022961591381,-0.1822407721177156,-0.613754001428016,-1.2764263532159934
04,05,0.567075377975808,-0.6747952806972316,-0.11214650089054837,-0.5075789035736261,-0.7307259656125306
04,06,0.5634110475784473,-0.6576149682391873,-0.4481445984648511,-0.5244082025468422,-0.46080409479144185
04,07,0.6517113197116937,-0.4832489390666745,-0.5843480298753919,-0.4822573423185256,-0.21884380508117532
04,08,0.7387303034973277,-0.48508653978198224,-0.6666159548080128,-0.5569425122773252,-0.10679899666435762
04,09,0.922305776077045,-0.5288004951361144,-0.6159476284244311,-0.5833390985916338,-0.02293610196568949
04,10,0.9855488286495742,-0.6338724762378153,-0.5009502787014266,-0.6688363110829061,0.08361691893028173
04,11,0.9591542631762939,-0.6537928195080287,-0.45620490777043066,-0.6858517312113201,0.14925719135824095
05,05,0.7047486792102989,-0.4747882664462496,-0.04205222943413417,-0.40140380308047474,-0.18502557762053376
05,06,0.6304155249268957,-0.5490213052586768,-0.5810965108111802,-0.479735303812425,-0.052992966776982
05,07,0.7258144014049276,-0.3527311532800211,-0.7183837829133931,-0.4384251209576568,0.13368371339107576
05,08,0.8160623600989991,-0.3876576007201561,-0.7877097500782868,-0.5427396402930619,0.18560784281178702
05,09,1.0208865094049537,-0.4596001353686379,-0.7026889984614386,-0.5772561139414242,0.22776194954018078
05,10,1.0782399776410567,-0.5937175031324,-0.5540685286404076,-0.6780166930601624,0.3102908007553427
05,11,1.0348331419580814,-0.6222200434839449,-0.49534264240409026,-0.6961514129524757,0.3529262703141049
06,06,0.5560823685701087,-0.6232543442319659,-1.1201407912142625,-0.5580668034693747,0.07903964472259468
06,07,0.7363472626855935,-0.2917025970468005,-1.05654955782013,-0.4569357814993053,0.29303835579695364
06,08,0.8531669230933567,-0.35861405031158594,-1.0362622529272094,-0.5898515988532969,0.30915231893367356
06,09,1.0999209659007358,-0.4558031025443017,-0.8678481907281415,-0.6212191926640693,0.33095883097786594
06,10,1.1529382286341792,-0.6175033518094626,-0.656471788490411,-0.7333392755987936,0.4093540721678803
06,11,1.0898472162188688,-0.6467919969330267,-0.5708910436666335,-0.7452760115683097,0.44258491416387025
07,07,0.9166121581918131,0.03984915046719208,-0.992958326218657,-0.3558047563575568,0.5070370679895174
07,08,1.0017091952724446,-0.22629389626093352,-0.9943229883710154,-0.6057439749049194,0.4242086515754178
07,09,1.2812004973442102,-0.39998602622908946,-0.7837506618998332,-0.6422699821644579,0.414931896569132
07,10,1.3021521928415734,-0.6160656023558586,-0.5405545383886065,-0.7771573929658246,0.4919326785781428
07,11,1.1966001998507985,-0.6514995298263533,-0.4610410939302857,-0.7827178520825699,0.5152939632887753
