Start Month,End Month,19,20,21,22,23
01,01,0.4542116449626445,0.07749624988754732,-0.5332100981127449,-0.36949623046590874,1.4608689866030182
01,02,0.22247535989673067,-0.19526608238302748,-0.4409838720847225,-0.6802546945381621,1.0819630377817575
01,03,0.41328895342090466,-0.12958670192315,-0.15501422851630484,-0.8159224727339142,0.5709349900290059
01,04,0.3692370564774673,-0.30193243951843185,-0.15340790913670785,-0.7271469564671857,0.1025475356135428
01,05,0.4176022112008662,-0.3552033478899188,-0.21130490423744056,-0.619540391035761,0.07563043336036876
01,06,0.4641862925277102,-0.32388319793306447,-0.3173354443568044,-0.6095961318660333,0.15942052892489528
01,07,0.4794219422124547,-0.2736656118789142,-0.4645769994785837,-0.5778616895085699,0.16931826130625424
01,08,0.6167631255857801,-0.2921288861611095,-0.4454989924005645,-0.5640121419014256,0.1844146265994919
01,09,0.72966431037416,-0.4149883986300927,-0.38935339371330885,-0.6330647727525825,0.21402388463093636
01,10,0.7252145178839686,-0.4486822536878969,-0.34149016409840727,-0.6441101677601504,0.268204547255866
01,11,0.6770453618000033,-0.43934061909582023,-0.3136417445878514,-0.6318714004151945,0.298966272397892
01,12,0.6718463027824676,-0.43637484588501846,-0.33992273450318716,-0.5305580463421739,0.25288540577736995
02,02,-0.009260925540826543,-0.46802841419274804,-0.34875764714349294,-0.9910131559553125,0.7030570928244265
02,03,0.39282761116189496,-0.23312817673571753,0.034083711667822474,-1.0391355939260394,0.1259680102872625
02,04,0.34091219371727194,-0.4284086696963292,-0.026807180788994727,-0.8463638612435165,-0.35022628010495865
02,05,0.4084498500936794,-0.4633782474979553,-0.13082860747240327,-0.6820514299620434,-0.270679204725185
02,06,0.4661812233540927,-0.40415908698793085,-0.27416051380985085,-0.6576161088103258,-0.10086916125756511
02,07,0.48362366355474096,-0.3321925881515428,-0.4531381535365479,-0.6125892629572536,-0.04594019440123604
02,08,0.6399847558401621,-0.34493247636118374,-0.43296883594742375,-0.5918001292479302,0.0020640055910399655
02,09,0.7640959064027676,-0.47654897963481624,-0.3713713066986703,-0.6660108427405621,0.05816824536839661
02,10,0.7553259496475329,-0.5071465321800497,-0.3201879474735722,-0.674622824817985,0.13568627564085997
02,11,0.6993287247091847,-0.4910243065013222,-0.29168490967405486,-0.6581089109223509,0.18277599974096748
02,12,0.6916312721443849,-0.4830903977158404,-0.32235115528058106,-0.5452000286169892,0.1430687175798562
03,03,0.7949161463999597,0.0017720607369827118,0.41692506991869466,-1.0872580302474935,-0.45112107325987094
03,04,0.515998752365954,-0.40859879689553263,0.13416805466425666,-0.7740392184698313,-0.8768679671996101
03,05,0.5476867705505395,-0.46182819169927364,-0.05818559257072849,-0.5790641872148481,-0.5952579719997136
03,06,0.5850417625511506,-0.3881917550252811,-0.25551123043363744,-0.5742668471520052,-0.3018507247929046
03,07,0.5822005813590199,-0.30502542270355,-0.4740142541811812,-0.5369044882497235,-0.1957396506563171
03,08,0.7481923768138122,-0.3244164871718663,-0.4470040315634345,-0.5252646275512398,-0.11476817819086049
03,09,0.8745754569648401,-0.4777662019569517,-0.37460183110590456,-0.6195819425624117,-0.03395873233398641
03,10,0.8508993073547946,-0.5120362966976951,-0.316616736570806,-0.6350740356381738,0.06476492401549204
03,11,0.7780609069281892,-0.49357940698802116,-0.28534349298488904,-0.6211195448921366,0.12496699035936613
03,12,0.761720498527657,-0.48459659698878704,-0.3197105062647785,-0.5006187149638204,0.0870698788816509
04,04,0.23708135776896522,-0.8189696537624702,-0.14858896050982395,-0.46082040800785085,-1.3026148651379315
04,05,0.4240720917890424,-0.693628318614239,-0.29574092617682324,-0.32496726588152836,-0.6673264211001574
04,06,0.5150836213306844,-0.5181796931615942,-0.4796566666673861,-0.4032697874215712,-0.2520939423108536
04,07,0.5290216898880783,-0.38172479324558733,-0.6967490852423495,-0.39931610127736045,-0.13189429558505553
04,08,0.7388476266237133,-0.38965419675360535,-0.6197898531989993,-0.4128659414299691,-0.04749759893075071
04,09,0.8878519938762827,-0.5576892506585178,-0.5065229778645379,-0.5416359274564067,0.03556832351223045
04,10,0.8588968955561629,-0.5854374921018346,-0.42140842355902863,-0.5704763249197784,0.13846292223469506
04,11,0.7759540027873045,-0.5554983390603899,-0.37312706533180146,-0.5628522402917112,0.19697799727619922
04,12,0.7580320890969757,-0.5386375561564408,-0.4015589032809922,-0.4354365694761582,0.1468688742854941
05,05,0.611062820789016,-0.5682869825099112,-0.44289289048774744,-0.18911412594120802,-0.0320379757574491
05,06,0.6540847707405115,-0.36778471357045883,-0.6451905164014737,-0.3744944752161685,0.27316651833994654
05,07,0.6263351295546189,-0.2359765052194386,-0.8794691289374948,-0.3788146670795438,0.25834589498602367
05,08,0.8642891933073387,-0.2823253325724665,-0.7375900763477102,-0.4008773252426817,0.2662817173112786
05,09,1.0180061289878886,-0.5054331656754875,-0.5781097834252823,-0.5577990297598694,0.3032049615371229
05,10,0.9625328312330184,-0.5465154584212114,-0.4668783324734085,-0.5887523069828686,0.3786425589063669
05,11,0.8529358110995876,-0.5178595783065653,-0.40520393700861457,-0.577428214430474,0.41120554473675475
05,12,0.8231509342247807,-0.5035960474611861,-0.4331801465315806,-0.43226358848380475,0.32805434079489204
06,06,0.6971067160428135,-0.1672824443039136,-0.8474881426206883,-0.5598748220166982,0.5783710137536189
06,07,0.63397128966854,-0.06982126811142202,-1.0977572444590402,-0.473664935615409,0.40353782981338976
06,08,0.948697990945575,-0.18700478513671362,-0.8358224686428313,-0.47146506006392225,0.3657216152961076
06,09,1.1197419610372206,-0.48971971149118043,-0.6119140062514501,-0.6499702554864987,0.38701569660618423
06,10,1.0328268266545584,-0.5421611597095709,-0.4716754228379006,-0.6686799467269089,0.46077866001642276
06,11,0.8932479774309565,-0.509455015507039,-0.3989224445182853,-0.6421472323946913,0.48507946606152585
06,12,0.853449241821367,-0.49435448548128563,-0.4317926126204678,-0.46699922619677686,0.379496105177546
07,07,0.5708358578428767,0.02763990812563549,-1.3480263475589656,-0.387455048612797,0.2287046455788647
07,08,1.074493616105369,-0.19686595163660778,-0.8299896382751767,-0.4272601790241874,0.2593969157264414
07,09,1.260620363761449,-0.5971987973617479,-0.5333892939464172,-0.6800020700415995,0.32323058972352003
07,10,1.116756855078667,-0.6358808384487659,-0.37772224248914904,-0.695881227110197,0.43138057364263493
07,11,0.9324762286751789,-0.5778895268317652,-0.3092093053809481,-0.6586017116989867,0.4664211601168437
07,12,0.879506328615956,-0.5488664917619315,-0.3625100221492883,-0.45151996086732976,0.3463502813394696
